$ 1 0.000005 10.20027730826997 50 5 43 5e-11
t 224 224 272 224 0 1 -2.950896356736543 0.20751071214405656 100 default
s 80 224 144 224 0 1 false
r 160 224 208 224 0 1000
w 208 224 224 224 0
w 144 224 160 224 0
r 272 256 272 304 0 100
w 272 192 272 208 0
w 272 256 272 240 0
v 400 272 400 224 0 0 40 3.3 0 0 0.5
w 320 320 272 320 0
w 400 272 400 320 0
w 400 224 400 144 0
w 272 160 272 144 0
w 272 144 320 144 0
w 80 224 80 144 0
w 80 144 272 144 0
162 272 160 272 192 2 default-led 1 0 0 0.01
w 272 304 272 320 0
162 320 224 320 256 2 default-led 1 0 0 0.01
r 320 160 320 208 0 500
w 320 208 320 224 0
w 320 256 320 320 0
w 320 160 320 144 0
w 400 144 320 144 0
w 400 320 320 320 0
