$ 1 0.000005 10.20027730826997 50 5 43 5e-11
s 144 288 208 288 0 1 false
r 224 288 272 288 0 1000
w 272 288 288 288 0
w 208 288 224 288 0
r 368 96 368 144 0 100
w 320 144 320 176 0
v 496 240 496 192 0 0 40 3.3 0 0 0.5
w 448 336 368 336 0
w 320 304 320 336 0
w 496 192 496 80 0
w 144 288 144 80 0
w 368 80 496 80 0
w 320 336 368 336 0
t 336 176 368 176 0 -1 3.296546269929972 -3.285720060475228e-7 100 default
w 368 224 368 192 0
w 144 80 320 80 0
r 320 96 320 144 0 1000
w 320 176 336 176 0
w 320 96 320 80 0
w 320 80 368 80 0
r 320 192 320 240 0 100
w 320 192 320 176 0
w 496 240 496 336 0
w 368 304 368 336 0
w 320 240 320 272 0
t 288 288 320 288 0 1 -3.0913246784987107 0.20867496003811747 100 default
w 368 96 368 80 0
w 368 160 368 144 0
r 384 224 432 224 0 100
w 368 224 384 224 0
w 368 224 368 256 0
162 448 240 448 288 2 default-led 1 0 0 0.01
w 448 240 448 224 0
w 432 224 448 224 0
w 448 288 448 336 0
162 368 256 368 304 2 default-led 1 0 0 0.01
w 496 336 448 336 0
o 35 64 0 4099 2.5 0.0125 0 2 35 3
o 31 64 0 4099 2.5 0.0015625 1 2 31 3
