$ 1 0.000005 10.20027730826997 50 5 43 5e-11
s 96 240 160 240 0 1 false
r 176 240 224 240 0 1000
w 224 240 240 240 0
w 160 240 176 240 0
r 272 160 272 208 0 100
w 272 208 272 224 0
v 400 272 400 224 0 0 40 3.3 0 0 0.5
w 400 368 320 368 0
w 400 272 400 368 0
w 400 224 400 144 0
w 272 160 272 144 0
w 272 144 400 144 0
w 96 240 96 144 0
t 240 240 272 240 0 -1 -0.4575285477379858 -0.6616841861860565 100 default
w 272 272 272 256 0
w 96 144 272 144 0
162 272 288 272 320 2 default-led 1 0 0 0.01
162 320 320 320 352 2 default-led 1 0 0 0.01
w 320 272 272 272 0
w 272 320 272 368 0
w 320 352 320 368 0
r 320 272 320 320 0 100
w 272 368 320 368 0
w 272 288 272 272 0
r 224 256 224 320 0 10000
w 224 256 224 240 0
w 224 320 224 368 0
w 224 368 272 368 0
